%Datos:   GAS TOTAL DE VERTEDERO 
%Unidades: m3/año

input=[0
4253088.283
6134718.047
7003707.973
7440851.811
7694404.052
7870487.159
8014474.468
8145774.454
8272698.055
8398813.184
8525660.75
8653915.533
8783882.355
8915708.16
9049472.662
9185227.096
9323010.778
9462858.195
9604802.032
9748874.474
9895107.768
10043534.46
10194187.51
10347091.09
4422501.235
1890243.064
807918.1107
345316.2643
147593.3276
63083.59208
26962.86921
11524.33291
4925.671967
2105.305748
899.8391132
384.6046733
164.3857803
70.26093709
30.03057365
12.83551559
5.486091023
2.344837221
1.002218441
0.428363127
0.183088797
0.078254886
0.033447307
0.014295878
0.006110272
0.002611621
0.001116246
0.0004771
0.00020392
8.71583E-05
3.72528E-05
1.59224E-05
6.80547E-06
2.90876E-06
1.24325E-06
5.31382E-07
2.27121E-07
9.70748E-08
4.14912E-08
1.7734E-08
7.57976E-09
3.2397E-09
1.3847E-09
5.9184E-10
2.52961E-10
1.0812E-10
4.62119E-11
1.97517E-11
8.44215E-12
3.6083E-12
1.54224E-12
6.59177E-13
2.81742E-13
1.20421E-13
5.14697E-14
2.19989E-14
9.40266E-15
4.01884E-15
1.71771E-15
7.34175E-16
3.13797E-16
1.34122E-16
5.73256E-17
2.45018E-17
1.04724E-17
4.47608E-18
1.91314E-18
8.17706E-19
3.495E-19
1.49381E-19
6.38479E-20
2.72895E-20
1.1664E-20
4.98535E-21
2.13081E-21
9.10741E-22
3.89264E-22
1.66377E-22
7.11122E-23
3.03944E-23
1.2991E-23
5.55256E-24
2.37324E-24
1.01436E-24
4.33553E-25
1.85307E-25
7.92029E-26
3.38525E-26
1.44691E-26
6.1843E-27
2.64326E-27
1.12977E-27
4.8288E-28
2.0639E-28
8.82143E-29
3.77041E-29
1.61153E-29
6.88792E-30
2.944E-30
1.25831E-30
5.3782E-31
2.29872E-31
9.82509E-32
4.19939E-32
1.79488E-32
7.67159E-33
3.27895E-33
1.40147E-33
5.99011E-34
2.56026E-34
1.09429E-34
4.67717E-35
1.99909E-35
8.54443E-36
3.65202E-36];

ouput=[4253088.283
6134718.047
7003707.973
7440851.811
7694404.052
7870487.159
8014474.468
8145774.454
8272698.055
8398813.184
8525660.75
8653915.533
8783882.355
8915708.16
9049472.662
9185227.096
9323010.778
9462858.195
9604802.032
9748874.474
9895107.768
10043534.46
10194187.51
10347091.09
4422501.235
1890243.064
807918.1107
345316.2643
147593.3276
63083.59208
26962.86921
11524.33291
4925.671967
2105.305748
899.8391132
384.6046733
164.3857803
70.26093709
30.03057365
12.83551559
5.486091023
2.344837221
1.002218441
0.428363127
0.183088797
0.078254886
0.033447307
0.014295878
0.006110272
0.002611621
0.001116246
0.0004771
0.00020392
8.71583E-05
3.72528E-05
1.59224E-05
6.80547E-06
2.90876E-06
1.24325E-06
5.31382E-07
2.27121E-07
9.70748E-08
4.14912E-08
1.7734E-08
7.57976E-09
3.2397E-09
1.3847E-09
5.9184E-10
2.52961E-10
1.0812E-10
4.62119E-11
1.97517E-11
8.44215E-12
3.6083E-12
1.54224E-12
6.59177E-13
2.81742E-13
1.20421E-13
5.14697E-14
2.19989E-14
9.40266E-15
4.01884E-15
1.71771E-15
7.34175E-16
3.13797E-16
1.34122E-16
5.73256E-17
2.45018E-17
1.04724E-17
4.47608E-18
1.91314E-18
8.17706E-19
3.495E-19
1.49381E-19
6.38479E-20
2.72895E-20
1.1664E-20
4.98535E-21
2.13081E-21
9.10741E-22
3.89264E-22
1.66377E-22
7.11122E-23
3.03944E-23
1.2991E-23
5.55256E-24
2.37324E-24
1.01436E-24
4.33553E-25
1.85307E-25
7.92029E-26
3.38525E-26
1.44691E-26
6.1843E-27
2.64326E-27
1.12977E-27
4.8288E-28
2.0639E-28
8.82143E-29
3.77041E-29
1.61153E-29
6.88792E-30
2.944E-30
1.25831E-30
5.3782E-31
2.29872E-31
9.82509E-32
4.19939E-32
1.79488E-32
7.67159E-33
3.27895E-33
1.40147E-33
5.99011E-34
2.56026E-34
1.09429E-34
4.67717E-35
1.99909E-35
8.54443E-36
3.65202E-36
1.56093E-36];

%Data=[input(:,:) ouput(:,:)];
% Esto no por que se contempla a 24 anios que es el cierre tecnico del
% vertedero

%Data=[input(1:24,:) ouput(1:24,:)];
% Esto no por que en el primer anio hay un pico ......
%es el que da un error de prediccion muy alto...

Data=[input(2:24,:) ouput(2:24,:)];